1  2  0200 0400 AI1204 10000
2  5  0500 0600 AI5647 3000
1  3  0000 0100 AI6784 3000
3  4  0300 0500 AI8756 2000
4  5  0600 0800 AI6488 3000
3  2  0200 0300 AI9848 5000
3  5  0200 0700 AI1214 7000
6  7  0000 0300 AI1204 3000
7  9  0400 0500 AI5647 3000
6  13 0100 0200 AI6784 1000
13 9  0300 0400 AI8756 8000
6  8  0000 0200 AI6488 1000
8  9  0300 0700 AI9848 1000
9  10 0800 1100 AI1204 3000
10 12 1200 1300 AI5647 3000
9  14 0900 1000 AI6784 1000
14 12 1100 1200 AI8756 8000
9  11 0800 1000 AI6488 1000
11 12 1100 1500 AI9848 1000
1  6  0100 0200 AI9645 1000
6  5  0215 0330 AI7865 1000
4  15 0000 0330 AI8836 3000
3  15 0030 0700 AI8736 3000
7  15 0020 0400 AI8036 3000
9  15 0045 0330 AI8136 3000